10
899 1
54 0
81
888 0 345 0
253 0 401 0
826 0 626 0
600 0 165 0
677 0 52 0
369 0 364 0
871 0 0 0
512 0 850 0
845 0 333 0
246 0 415 0
737 0 814 0
727 0 793 0
701 0 189 0
271 0 475 0
644 0 383 0
362 0 761 0
331 0 326 0
239 0 300 0
699 0 504 0
161 0 156 0
48 0 642 0
555 0 43 0
550 0 17 0
355 0 841 0
411 0 237 0
216 0 272 0
119 0 784 0
605 0 262 0
687 0 72 0
67 0 461 0
886 0 440 0
430 0 322 0
317 0 808 0
634 0 803 0
117 0 96 0
772 0 86 0
511 0 659 0
572 0 29 0
541 0 428 0
320 0 310 0
223 0 176 0
89 0 683 0
591 0 79 0
58 0 135 0
544 0 457 0
27 0 877 0
1 0 851 0
846 0 400 0
221 0 820 0
733 0 303 0
108 0 277 0
190 0 256 0
681 0 82 0
880 0 363 0
532 0 358 0
15 0 332 0
414 0 245 0
327 0 839 0
224 0 393 0
792 0 695 0
469 0 39 0
551 0 873 0
248 0 816 0
719 0 268 0
606 0 498 0
63 0 892 0
549 0 11 0
349 0 518 0
328 0 323 0
896 0 635 0
804 0 604 0
261 0 174 0
87 0 153 0
573 0 35 0
30 0 455 0
434 0 854 0
255 0 321 0
833 0 746 0
316 0 741 0
797 0 710 0
111 0 597 0
278 1
54 0
60
28 0 23 0
2 0 232 0
222 0 109 0
191 0 88 0
257 0 83 0
144 0 47 0
26 0 112 0
194 0 107 0
276 0 189 0
271 0 168 0
81 0 76 0
50 0 45 0
24 0 244 0
239 0 213 0
192 0 187 0
100 0 269 0
182 0 156 0
151 0 43 0
38 0 242 0
216 0 211 0
124 0 185 0
98 0 93 0
262 0 175 0
72 0 67 0
149 0 62 0
41 0 31 0
10 0 5 0
240 0 230 0
178 0 91 0
260 0 173 0
152 0 65 0
60 0 34 0
8 0 228 0
120 0 197 0
110 0 176 0
258 0 84 0
145 0 58 0
32 0 1 0
226 0 221 0
113 0 190 0
256 0 164 0
77 0 56 0
138 0 51 0
250 0 224 0
219 0 214 0
106 0 270 0
183 0 80 0
162 0 157 0
136 0 18 0
13 0 238 0
217 0 212 0
186 0 268 0
181 0 155 0
68 0 150 0
129 0 6 0
231 0 210 0
118 0 261 0
87 0 148 0
143 0 9 0
198 0 167 0
361 1
54 0
95
23 0 345 0
2 0 340 0
253 0 314 0
227 0 309 0
283 0 196 0
109 0 278 0
191 0 88 0
144 0 57 0
139 0 52 0
134 0 26 0
21 0 338 0
251 0 333 0
246 0 220 0
215 0 102 0
271 0 168 0
158 0 137 0
24 0 336 0
249 0 326 0
239 0 218 0
300 0 192 0
105 0 187 0
269 0 182 0
74 0 156 0
69 0 151 0
130 0 43 0
38 0 360 0
355 0 12 0
350 0 7 0
329 0 242 0
319 0 298 0
124 0 293 0
206 0 119 0
272 0 180 0
93 0 72 0
128 0 36 0
343 0 322 0
235 0 296 0
122 0 204 0
286 0 199 0
96 0 265 0
178 0 173 0
86 0 152 0
65 0 34 0
29 0 254 0
320 0 228 0
223 0 289 0
284 0 110 0
279 0 89 0
258 0 171 0
79 0 145 0
53 0 135 0
32 0 27 0
22 0 344 0
1 0 339 0
247 0 313 0
221 0 200 0
113 0 282 0
195 0 190 0
169 0 164 0
77 0 56 0
133 0 25 0
20 0 358 0
250 0 245 0
224 0 306 0
219 0 193 0
106 0 275 0
270 0 183 0
80 0 75 0
157 0 70 0
136 0 49 0
131 0 356 0
13 0 248 0
330 0 243 0
325 0 238 0
217 0 207 0
104 0 273 0
94 0 263 0
155 0 150 0
63 0 129 0
37 0 16 0
328 0 318 0
297 0 292 0
118 0 287 0
179 0 261 0
87 0 153 0
66 0 143 0
35 0 30 0
352 0 9 0
4 0 342 0
321 0 234 0
316 0 229 0
311 0 121 0
116 0 198 0
90 0 172 0
64 0 59 0
359 1
141 0
61
345 0 253 0
335 0 114 0
196 0 109 0
170 0 83 0
52 0 134 0
0 0 225 0
302 0 215 0
112 0 168 0
158 0 137 0
132 0 45 0
357 0 336 0
331 0 244 0
326 0 105 0
187 0 100 0
69 0 151 0
48 0 350 0
216 0 298 0
293 0 272 0
98 0 267 0
180 0 262 0
67 0 36 0
353 0 10 0
5 0 343 0
322 0 235 0
286 0 199 0
260 0 173 0
147 0 55 0
34 0 341 0
315 0 228 0
310 0 202 0
110 0 176 0
258 0 166 0
58 0 53 0
135 0 334 0
313 0 108 0
277 0 190 0
169 0 51 0
358 0 15 0
250 0 332 0
245 0 219 0
301 0 214 0
270 0 183 0
80 0 162 0
75 0 70 0
49 0 44 0
330 0 217 0
299 0 212 0
104 0 273 0
186 0 181 0
155 0 42 0
328 0 241 0
236 0 231 0
297 0 292 0
205 0 184 0
92 0 261 0
87 0 153 0
148 0 40 0
30 0 352 0
321 0 234 0
316 0 198 0
172 0 85 0
611 1
458 0
69
23 0 514 0
427 0 232 0
201 0 114 0
595 0 165 0
503 0 144 0
569 0 482 0
139 0 47 0
559 0 369 0
533 0 446 0
512 0 420 0
333 0 415 0
220 0 276 0
102 0 506 0
583 0 137 0
449 0 362 0
331 0 392 0
305 0 126 0
105 0 274 0
100 0 95 0
151 0 560 0
130 0 555 0
360 0 529 0
519 0 329 0
237 0 319 0
216 0 298 0
293 0 206 0
93 0 579 0
67 0 149 0
466 0 522 0
10 0 343 0
240 0 322 0
209 0 286 0
265 0 178 0
60 0 485 0
377 0 454 0
433 0 428 0
423 0 228 0
310 0 223 0
110 0 279 0
171 0 79 0
135 0 539 0
513 0 339 0
252 0 400 0
308 0 221 0
200 0 195 0
589 0 56 0
481 0 138 0
563 0 46 0
532 0 527 0
250 0 214 0
101 0 183 0
500 0 136 0
561 0 44 0
556 0 361 0
443 0 525 0
248 0 412 0
217 0 273 0
268 0 585 0
493 0 575 0
528 0 11 0
318 0 297 0
210 0 118 0
179 0 87 0
148 0 143 0
35 0 460 0
373 0 9 0
234 0 316 0
116 0 597 0
576 0 571 0
866 1
376 0
76
33 0 535 0
852 0 739 0
309 0 769 0
682 0 595 0
508 0 57 0
646 0 26 0
538 0 364 0
845 0 246 0
307 0 189 0
701 0 81 0
506 0 675 0
670 0 137 0
644 0 383 0
19 0 761 0
249 0 418 0
843 0 756 0
105 0 192 0
617 0 274 0
182 0 95 0
161 0 74 0
151 0 468 0
360 0 17 0
442 0 524 0
437 0 350 0
324 0 749 0
406 0 385 0
298 0 805 0
272 0 631 0
784 0 185 0
267 0 605 0
67 0 466 0
374 0 348 0
752 0 747 0
230 0 808 0
296 0 711 0
608 0 86 0
490 0 8 0
766 0 827 0
627 0 709 0
791 0 601 0
171 0 591 0
53 0 565 0
27 0 452 0
856 0 22 0
447 0 344 0
308 0 282 0
620 0 471 0
20 0 445 0
762 0 757 0
736 0 731 0
792 0 280 0
193 0 101 0
183 0 270 0
695 0 80 0
157 0 39 0
530 0 13 0
351 0 750 0
238 0 816 0
304 0 299 0
212 0 719 0
104 0 698 0
606 0 263 0
672 0 585 0
498 0 68 0
150 0 129 0
467 0 16 0
523 0 410 0
384 0 630 0
266 0 153 0
35 0 455 0
859 0 342 0
767 0 121 0
203 0 285 0
710 0 198 0
264 0 689 0
679 0 571 0
642 1
545 0
98
253 0 335 0
232 0 401 0
314 0 309 0
288 0 114 0
626 0 109 0
170 0 595 0
503 0 569 0
57 0 482 0
477 0 134 0
559 0 456 0
26 0 451 0
21 0 0 0
251 0 420 0
312 0 394 0
307 0 220 0
281 0 619 0
614 0 593 0
81 0 506 0
163 0 45 0
449 0 531 0
19 0 444 0
526 0 392 0
213 0 295 0
274 0 187 0
612 0 269 0
607 0 69 0
156 0 581 0
494 0 560 0
468 0 381 0
38 0 355 0
437 0 416 0
242 0 319 0
216 0 385 0
298 0 124 0
293 0 631 0
610 0 180 0
154 0 640 0
487 0 128 0
553 0 374 0
440 0 10 0
522 0 517 0
409 0 317 0
230 0 296 0
634 0 291 0
117 0 608 0
260 0 173 0
60 0 377 0
546 0 459 0
541 0 520 0
8 0 341 0
254 0 315 0
397 0 223 0
632 0 202 0
197 0 110 0
89 0 483 0
565 0 365 0
22 0 447 0
247 0 400 0
226 0 195 0
103 0 615 0
169 0 77 0
502 0 56 0
563 0 51 0
471 0 537 0
450 0 532 0
414 0 301 0
214 0 106 0
183 0 33 0
505 0 162 0
500 0 582 0
49 0 136 0
561 0 44 0
556 0 469 0
39 0 448 0
18 0 356 0
248 0 330 0
299 0 212 0
125 0 294 0
207 0 186 0
73 0 68 0
155 0 580 0
150 0 63 0
129 0 375 0
16 0 354 0
6 0 518 0
241 0 236 0
318 0 384 0
118 0 184 0
261 0 578 0
465 0 378 0
547 0 373 0
352 0 342 0
234 0 290 0
623 0 264 0
177 0 597 0
172 0 85 0
510 0 489 0
146 0 571 0
756 1
141 0
100
54 0 376 0
458 0 540 0
366 0 23 0
427 0 422 0
232 0 227 0
734 0 114 0
626 0 703 0
257 0 83 0
595 0 165 0
564 0 26 0
21 0 446 0
425 0 737 0
307 0 732 0
389 0 302 0
624 0 168 0
81 0 675 0
76 0 71 0
50 0 132 0
470 0 449 0
418 0 331 0
392 0 218 0
387 0 192 0
607 0 673 0
161 0 74 0
494 0 642 0
468 0 381 0
360 0 529 0
437 0 519 0
329 0 242 0
324 0 319 0
728 0 636 0
718 0 687 0
180 0 93 0
262 0 175 0
666 0 67 0
492 0 640 0
36 0 517 0
343 0 409 0
296 0 721 0
122 0 204 0
117 0 690 0
367 0 8 0
346 0 3 0
428 0 402 0
315 0 228 0
223 0 115 0
627 0 110 0
176 0 596 0
509 0 678 0
145 0 544 0
457 0 27 0
534 0 22 0
344 0 426 0
252 0 421 0
247 0 303 0
221 0 733 0
390 0 113 0
712 0 625 0
282 0 707 0
190 0 169 0
82 0 502 0
671 0 56 0
481 0 51 0
450 0 363 0
424 0 337 0
250 0 419 0
327 0 306 0
214 0 639 0
280 0 275 0
183 0 695 0
75 0 157 0
561 0 469 0
448 0 361 0
356 0 13 0
417 0 243 0
238 0 386 0
212 0 125 0
99 0 611 0
606 0 94 0
263 0 585 0
554 0 467 0
37 0 16 0
523 0 518 0
431 0 241 0
323 0 236 0
384 0 722 0
297 0 210 0
635 0 184 0
609 0 266 0
179 0 92 0
153 0 660 0
61 0 40 0
378 0 373 0
9 0 455 0
352 0 521 0
234 0 403 0
398 0 208 0
633 0 90 0
684 0 597 0
64 0 59 0
827 1
33 0
57
453 0 340 0
765 0 335 0
826 0 821 0
109 0 165 0
646 0 477 0
134 0 369 0
758 0 732 0
814 0 112 0
701 0 81 0
163 0 562 0
557 0 536 0
444 0 14 0
751 0 730 0
295 0 612 0
699 0 100 0
781 0 607 0
673 0 560 0
555 0 463 0
524 0 411 0
749 0 319 0
687 0 67 0
579 0 574 0
487 0 553 0
522 0 634 0
777 0 178 0
152 0 65 0
659 0 459 0
428 0 397 0
632 0 796 0
197 0 596 0
678 0 447 0
513 0 421 0
334 0 825 0
226 0 815 0
200 0 625 0
282 0 190 0
615 0 169 0
650 0 537 0
450 0 363 0
358 0 245 0
731 0 813 0
700 0 782 0
648 0 44 0
469 0 448 0
530 0 268 0
160 0 585 0
580 0 68 0
662 0 575 0
63 0 554 0
753 0 231 0
630 0 179 0
92 0 261 0
686 0 665 0
378 0 35 0
373 0 521 0
116 0 689 0
571 0 59 0
824 1
653 0
69
371 0 540 0
535 0 345 0
253 0 227 0
196 0 191 0
600 0 769 0
677 0 78 0
52 0 364 0
512 0 251 0
307 0 389 0
706 0 619 0
81 0 675 0
670 0 50 0
132 0 644 0
536 0 383 0
24 0 449 0
418 0 413 0
305 0 725 0
638 0 295 0
694 0 182 0
95 0 360 0
442 0 437 0
350 0 242 0
728 0 211 0
805 0 119 0
267 0 180 0
774 0 67 0
353 0 10 0
517 0 240 0
230 0 204 0
798 0 286 0
152 0 572 0
464 0 34 0
372 0 454 0
428 0 766 0
315 0 735 0
289 0 714 0
709 0 622 0
279 0 176 0
509 0 145 0
53 0 1 0
513 0 252 0
400 0 738 0
702 0 594 0
671 0 133 0
363 0 445 0
337 0 762 0
332 0 219 0
813 0 127 0
280 0 787 0
275 0 188 0
49 0 474 0
643 0 13 0
760 0 125 0
616 0 273 0
611 0 693 0
94 0 585 0
498 0 150 0
472 0 518 0
431 0 328 0
241 0 231 0
696 0 773 0
496 0 153 0
143 0 655 0
460 0 542 0
9 0 434 0
347 0 516 0
767 0 316 0
633 0 121 0
623 0 64 0
