10
581 1
141 0
58
28 0 427 0
340 0 314 0
222 0 391 0
109 0 88 0
139 0 559 0
364 0 533 0
446 0 425 0
338 0 246 0
225 0 394 0
220 0 281 0
276 0 102 0
158 0 470 0
526 0 213 0
295 0 274 0
95 0 38 0
519 0 406 0
385 0 293 0
267 0 72 0
67 0 579 0
128 0 466 0
36 0 31 0
543 0 10 0
348 0 343 0
230 0 117 0
260 0 86 0
511 0 490 0
464 0 377 0
515 0 428 0
320 0 233 0
284 0 171 0
166 0 53 0
457 0 370 0
447 0 513 0
252 0 421 0
200 0 103 0
507 0 563 0
46 0 450 0
532 0 358 0
327 0 393 0
306 0 270 0
505 0 162 0
157 0 556 0
443 0 351 0
330 0 325 0
386 0 212 0
181 0 73 0
580 0 493 0
150 0 11 0
523 0 436 0
431 0 323 0
405 0 297 0
97 0 266 0
92 0 66 0
40 0 35 0
373 0 455 0
434 0 429 0
208 0 177 0
259 0 571 0
799 1
653 0
88
33 0 458 0
453 0 23 0
2 0 309 0
734 0 713 0
795 0 682 0
595 0 508 0
165 0 57 0
477 0 646 0
451 0 533 0
21 0 251 0
758 0 312 0
307 0 112 0
302 0 215 0
624 0 281 0
783 0 680 0
81 0 506 0
675 0 501 0
480 0 132 0
536 0 449 0
531 0 357 0
14 0 439 0
244 0 239 0
392 0 730 0
105 0 100 0
612 0 182 0
673 0 74 0
663 0 642 0
43 0 38 0
463 0 416 0
329 0 298 0
636 0 631 0
784 0 610 0
175 0 687 0
72 0 67 0
661 0 574 0
36 0 466 0
379 0 548 0
461 0 440 0
353 0 5 0
430 0 240 0
322 0 404 0
96 0 265 0
598 0 142 0
654 0 377 0
546 0 459 0
29 0 766 0
320 0 735 0
796 0 171 0
591 0 657 0
58 0 544 0
764 0 334 0
226 0 308 0
733 0 702 0
256 0 589 0
159 0 56 0
138 0 563 0
645 0 471 0
363 0 20 0
527 0 762 0
219 0 127 0
618 0 188 0
695 0 592 0
505 0 75 0
643 0 44 0
382 0 448 0
361 0 243 0
750 0 724 0
719 0 616 0
273 0 611 0
780 0 181 0
263 0 575 0
129 0 42 0
462 0 441 0
518 0 431 0
753 0 328 0
241 0 323 0
722 0 210 0
205 0 717 0
696 0 578 0
573 0 40 0
547 0 521 0
767 0 234 0
321 0 746 0
633 0 290 0
198 0 623 0
177 0 771 0
259 0 85 0
510 0 679 0
726 1
371 0
73
28 0 366 0
23 0 514 0
2 0 253 0
335 0 222 0
626 0 165 0
677 0 78 0
503 0 569 0
482 0 52 0
559 0 369 0
333 0 312 0
225 0 307 0
220 0 624 0
281 0 189 0
701 0 102 0
506 0 675 0
649 0 583 0
480 0 137 0
562 0 644 0
357 0 239 0
300 0 192 0
105 0 607 0
95 0 504 0
673 0 586 0
156 0 473 0
642 0 463 0
17 0 242 0
723 0 124 0
610 0 687 0
579 0 492 0
41 0 543 0
31 0 348 0
430 0 404 0
230 0 209 0
96 0 265 0
664 0 490 0
147 0 60 0
142 0 34 0
428 0 402 0
289 0 284 0
84 0 166 0
140 0 32 0
344 0 390 0
108 0 164 0
676 0 589 0
568 0 56 0
645 0 368 0
414 0 587 0
495 0 136 0
49 0 131 0
551 0 448 0
18 0 443 0
438 0 248 0
412 0 217 0
212 0 724 0
637 0 207 0
99 0 181 0
493 0 662 0
575 0 37 0
462 0 354 0
436 0 349 0
410 0 318 0
123 0 696 0
604 0 261 0
686 0 491 0
148 0 61 0
486 0 655 0
9 0 347 0
516 0 4 0
429 0 342 0
408 0 208 0
121 0 290 0
116 0 710 0
597 0 167 0
934 1
484 0
59
479 0 453 0
878 0 23 0
514 0 335 0
826 0 309 0
288 0 114 0
708 0 109 0
769 0 569 0
651 0 139 0
564 0 881 0
876 0 21 0
415 0 312 0
307 0 215 0
706 0 107 0
189 0 168 0
158 0 562 0
357 0 869 0
439 0 904 0
812 0 274 0
187 0 161 0
74 0 581 0
473 0 468 0
749 0 406 0
385 0 723 0
784 0 272 0
610 0 93 0
687 0 72 0
128 0 548 0
36 0 886 0
543 0 10 0
517 0 752 0
911 0 209 0
634 0 117 0
55 0 428 0
423 0 909 0
791 0 596 0
79 0 570 0
877 0 365 0
339 0 933 0
400 0 738 0
794 0 282 0
108 0 256 0
169 0 164 0
159 0 363 0
358 0 337 0
301 0 792 0
101 0 592 0
505 0 674 0
474 0 863 0
330 0 243 0
325 0 919 0
125 0 73 0
887 0 375 0
866 0 830 0
743 0 717 0
686 0 496 0
655 0 552 0
429 0 854 0
715 0 689 0
576 0 658 0
683 1
141 0
92
566 0 479 0
376 0 545 0
458 0 453 0
23 0 2 0
422 0 401 0
314 0 288 0
196 0 278 0
682 0 170 0
590 0 57 0
503 0 656 0
569 0 651 0
564 0 646 0
559 0 364 0
21 0 359 0
338 0 394 0
215 0 281 0
619 0 480 0
649 0 562 0
132 0 644 0
362 0 19 0
244 0 392 0
218 0 387 0
638 0 105 0
269 0 74 0
581 0 494 0
151 0 48 0
550 0 360 0
529 0 519 0
237 0 406 0
216 0 124 0
636 0 119 0
631 0 610 0
93 0 67 0
492 0 466 0
548 0 31 0
10 0 343 0
322 0 404 0
296 0 291 0
117 0 286 0
173 0 511 0
65 0 659 0
142 0 654 0
55 0 377 0
372 0 29 0
433 0 254 0
423 0 320 0
397 0 223 0
120 0 202 0
115 0 622 0
509 0 678 0
488 0 570 0
652 0 647 0
27 0 452 0
344 0 1 0
334 0 247 0
400 0 395 0
195 0 256 0
681 0 82 0
507 0 671 0
568 0 138 0
51 0 368 0
25 0 363 0
15 0 337 0
245 0 306 0
301 0 127 0
275 0 613 0
183 0 582 0
136 0 49 0
643 0 556 0
39 0 530 0
351 0 304 0
217 0 386 0
125 0 268 0
181 0 606 0
667 0 580 0
662 0 575 0
37 0 16 0
528 0 11 0
431 0 328 0
205 0 184 0
179 0 92 0
174 0 153 0
491 0 660 0
61 0 486 0
655 0 460 0
30 0 352 0
434 0 311 0
208 0 633 0
116 0 167 0
85 0 510 0
64 0 576 0
658 0 59 0
465 1
141 0
70
376 0 33 0
458 0 371 0
366 0 427 0
340 0 253 0
232 0 314 0
396 0 309 0
201 0 278 0
257 0 170 0
451 0 21 0
359 0 394 0
307 0 102 0
271 0 50 0
132 0 24 0
14 0 392 0
387 0 192 0
187 0 74 0
156 0 151 0
48 0 130 0
381 0 38 0
442 0 237 0
319 0 211 0
124 0 206 0
180 0 154 0
62 0 41 0
36 0 31 0
435 0 5 0
230 0 209 0
291 0 117 0
199 0 96 0
91 0 86 0
60 0 55 0
454 0 433 0
346 0 3 0
254 0 315 0
397 0 310 0
115 0 284 0
279 0 89 0
258 0 145 0
58 0 370 0
452 0 22 0
426 0 339 0
334 0 313 0
226 0 221 0
390 0 303 0
282 0 77 0
138 0 368 0
450 0 358 0
332 0 224 0
388 0 80 0
157 0 131 0
382 0 448 0
13 0 248 0
243 0 325 0
238 0 407 0
217 0 125 0
294 0 207 0
273 0 186 0
268 0 263 0
68 0 37 0
462 0 354 0
431 0 410 0
405 0 123 0
266 0 87 0
61 0 143 0
40 0 35 0
460 0 9 0
434 0 408 0
234 0 403 0
316 0 311 0
203 0 146 0
662 1
54 0
96
479 0 376 0
545 0 28 0
453 0 427 0
232 0 222 0
626 0 621 0
600 0 278 0
191 0 88 0
257 0 590 0
656 0 569 0
482 0 651 0
477 0 646 0
559 0 0 0
512 0 333 0
415 0 394 0
307 0 389 0
194 0 619 0
168 0 506 0
649 0 137 0
644 0 132 0
557 0 470 0
449 0 444 0
439 0 418 0
331 0 239 0
305 0 387 0
300 0 213 0
638 0 612 0
607 0 156 0
69 0 48 0
473 0 642 0
381 0 550 0
529 0 17 0
524 0 12 0
350 0 7 0
519 0 242 0
411 0 216 0
211 0 124 0
119 0 98 0
185 0 610 0
605 0 540 0
128 0 379 0
36 0 31 0
440 0 353 0
522 0 343 0
317 0 117 0
608 0 178 0
572 0 377 0
454 0 433 0
515 0 3 0
320 0 233 0
566 0 397 0
632 0 289 0
202 0 284 0
197 0 176 0
89 0 79 0
570 0 58 0
544 0 27 0
534 0 344 0
247 0 400 0
308 0 200 0
195 0 615 0
589 0 77 0
502 0 568 0
481 0 563 0
558 0 133 0
46 0 25 0
532 0 419 0
327 0 106 0
101 0 270 0
592 0 162 0
75 0 500 0
495 0 136 0
49 0 469 0
530 0 248 0
407 0 217 0
386 0 207 0
212 0 125 0
294 0 616 0
104 0 99 0
263 0 160 0
73 0 150 0
575 0 641 0
554 0 354 0
523 0 431 0
231 0 635 0
123 0 292 0
630 0 287 0
97 0 261 0
660 0 148 0
61 0 143 0
378 0 547 0
460 0 373 0
521 0 398 0
633 0 628 0
177 0 602 0
597 0 64 0
489 0 571 0
553 1
33 0
53
335 0 314 0
201 0 170 0
144 0 21 0
446 0 307 0
215 0 194 0
168 0 45 0
336 0 413 0
295 0 74 0
130 0 360 0
529 0 350 0
242 0 411 0
237 0 119 0
154 0 487 0
128 0 435 0
430 0 322 0
317 0 230 0
291 0 204 0
511 0 490 0
34 0 459 0
541 0 515 0
341 0 315 0
397 0 310 0
120 0 176 0
58 0 140 0
53 0 478 0
32 0 539 0
252 0 334 0
400 0 313 0
221 0 390 0
190 0 82 0
502 0 159 0
481 0 25 0
337 0 414 0
327 0 219 0
301 0 101 0
270 0 70 0
131 0 469 0
551 0 18 0
443 0 417 0
330 0 325 0
238 0 125 0
273 0 160 0
42 0 16 0
431 0 205 0
287 0 97 0
266 0 92 0
261 0 87 0
153 0 61 0
378 0 352 0
9 0 429 0
342 0 203 0
264 0 90 0
172 0 59 0
923 1
484 0
63
141 0 54 0
345 0 2 0
340 0 227 0
821 0 257 0
590 0 57 0
651 0 134 0
420 0 845 0
246 0 415 0
394 0 389 0
814 0 281 0
276 0 189 0
593 0 526 0
14 0 418 0
843 0 305 0
899 0 387 0
213 0 638 0
781 0 607 0
663 0 642 0
43 0 38 0
872 0 463 0
360 0 519 0
416 0 319 0
728 0 805 0
175 0 41 0
461 0 522 0
322 0 404 0
230 0 721 0
117 0 173 0
490 0 654 0
60 0 485 0
142 0 454 0
367 0 515 0
853 0 341 0
740 0 397 0
735 0 289 0
709 0 89 0
544 0 370 0
22 0 912 0
303 0 707 0
768 0 82 0
671 0 645 0
558 0 368 0
25 0 532 0
419 0 245 0
839 0 224 0
393 0 813 0
127 0 787 0
270 0 695 0
505 0 157 0
760 0 325 0
407 0 729 0
698 0 94 0
585 0 63 0
37 0 523 0
328 0 840 0
830 0 635 0
696 0 609 0
486 0 35 0
429 0 208 0
715 0 203 0
285 0 198 0
776 0 177 0
90 0 658 0
404 1
141 0
64
2 0 314 0
396 0 222 0
391 0 109 0
88 0 83 0
144 0 47 0
359 0 251 0
246 0 394 0
302 0 215 0
281 0 107 0
102 0 168 0
158 0 45 0
24 0 19 0
357 0 336 0
244 0 326 0
239 0 300 0
126 0 192 0
269 0 95 0
161 0 74 0
43 0 381 0
360 0 12 0
242 0 324 0
319 0 216 0
385 0 298 0
211 0 119 0
267 0 180 0
93 0 175 0
154 0 128 0
41 0 379 0
36 0 374 0
240 0 322 0
317 0 399 0
296 0 122 0
117 0 286 0
199 0 86 0
402 0 397 0
202 0 140 0
339 0 400 0
226 0 190 0
169 0 159 0
363 0 15 0
388 0 301 0
214 0 280 0
193 0 101 0
270 0 80 0
162 0 136 0
44 0 382 0
13 0 325 0
304 0 125 0
207 0 273 0
268 0 94 0
263 0 73 0
155 0 63 0
16 0 354 0
6 0 236 0
318 0 231 0
292 0 266 0
179 0 174 0
378 0 347 0
4 0 229 0
203 0 198 0
111 0 264 0
90 0 172 0
85 0 167 0
64 0 146 0
