10
815 1
653 0
87
566 0 253 0
232 0 800 0
288 0 713 0
626 0 621 0
703 0 165 0
590 0 482 0
646 0 26 0
451 0 21 0
425 0 338 0
333 0 312 0
732 0 215 0
624 0 701 0
783 0 168 0
675 0 163 0
45 0 331 0
756 0 244 0
326 0 239 0
126 0 617 0
786 0 504 0
69 0 494 0
38 0 442 0
355 0 329 0
406 0 728 0
805 0 718 0
631 0 697 0
98 0 180 0
692 0 262 0
72 0 497 0
154 0 579 0
348 0 409 0
322 0 317 0
230 0 808 0
291 0 204 0
798 0 178 0
91 0 315 0
228 0 310 0
223 0 801 0
627 0 796 0
284 0 709 0
279 0 176 0
601 0 770 0
509 0 652 0
58 0 483 0
140 0 539 0
447 0 426 0
252 0 759 0
733 0 308 0
221 0 390 0
200 0 768 0
169 0 594 0
56 0 650 0
476 0 46 0
558 0 537 0
450 0 363 0
527 0 419 0
757 0 224 0
393 0 301 0
639 0 787 0
101 0 695 0
183 0 505 0
162 0 75 0
136 0 643 0
556 0 382 0
448 0 361 0
525 0 438 0
330 0 238 0
407 0 217 0
386 0 811 0
299 0 125 0
207 0 104 0
698 0 780 0
68 0 42 0
523 0 328 0
748 0 318 0
297 0 123 0
635 0 773 0
686 0 496 0
66 0 378 0
542 0 455 0
516 0 429 0
321 0 316 0
741 0 208 0
290 0 116 0
797 0 689 0
90 0 259 0
85 0 64 0
576 0 489 0
383 1
33 0
92
345 0 2 0
253 0 335 0
314 0 227 0
309 0 222 0
201 0 283 0
196 0 278 0
191 0 88 0
83 0 78 0
139 0 52 0
134 0 47 0
26 0 338 0
251 0 312 0
307 0 215 0
107 0 276 0
168 0 163 0
158 0 50 0
132 0 45 0
24 0 19 0
14 0 331 0
244 0 326 0
305 0 218 0
300 0 295 0
105 0 187 0
100 0 269 0
95 0 161 0
156 0 151 0
48 0 43 0
381 0 17 0
350 0 242 0
324 0 298 0
124 0 293 0
119 0 272 0
98 0 180 0
93 0 262 0
72 0 374 0
348 0 5 0
230 0 296 0
209 0 122 0
117 0 199 0
178 0 260 0
86 0 65 0
147 0 60 0
377 0 372 0
8 0 3 0
341 0 254 0
233 0 228 0
310 0 289 0
110 0 279 0
176 0 89 0
79 0 145 0
58 0 32 0
27 0 365 0
22 0 1 0
252 0 247 0
308 0 113 0
282 0 195 0
108 0 277 0
190 0 164 0
51 0 25 0
363 0 20 0
15 0 327 0
280 0 193 0
106 0 188 0
270 0 80 0
70 0 131 0
39 0 361 0
18 0 13 0
330 0 243 0
238 0 125 0
294 0 104 0
273 0 186 0
99 0 268 0
181 0 94 0
73 0 68 0
150 0 63 0
129 0 42 0
380 0 375 0
16 0 354 0
11 0 318 0
210 0 292 0
205 0 118 0
184 0 92 0
261 0 87 0
148 0 143 0
40 0 378 0
35 0 373 0
352 0 347 0
321 0 316 0
116 0 111 0
177 0 90 0
172 0 85 0
64 0 146 0
612 1
479 0
66
366 0 314 0
114 0 196 0
109 0 88 0
600 0 170 0
83 0 503 0
569 0 477 0
538 0 533 0
0 0 338 0
246 0 312 0
394 0 389 0
215 0 194 0
102 0 81 0
593 0 163 0
588 0 480 0
557 0 536 0
331 0 326 0
300 0 182 0
95 0 504 0
156 0 494 0
151 0 560 0
130 0 17 0
319 0 272 0
180 0 67 0
574 0 62 0
461 0 374 0
353 0 399 0
96 0 265 0
603 0 173 0
598 0 86 0
511 0 60 0
485 0 464 0
459 0 433 0
346 0 515 0
233 0 310 0
115 0 279 0
89 0 84 0
591 0 570 0
27 0 313 0
226 0 282 0
195 0 594 0
77 0 502 0
51 0 476 0
471 0 537 0
450 0 327 0
306 0 280 0
188 0 505 0
75 0 131 0
382 0 551 0
13 0 438 0
207 0 611 0
181 0 63 0
472 0 380 0
528 0 16 0
518 0 328 0
405 0 210 0
123 0 287 0
184 0 266 0
92 0 604 0
174 0 87 0
153 0 66 0
491 0 573 0
143 0 40 0
373 0 521 0
429 0 255 0
311 0 121 0
576 0 64 0
549 1
484 0
55
141 0 366 0
535 0 23 0
340 0 253 0
314 0 309 0
278 0 170 0
165 0 503 0
57 0 52 0
369 0 538 0
394 0 276 0
271 0 470 0
449 0 249 0
418 0 244 0
305 0 161 0
43 0 529 0
442 0 524 0
7 0 416 0
242 0 293 0
98 0 93 0
497 0 62 0
487 0 466 0
374 0 348 0
5 0 317 0
286 0 96 0
546 0 34 0
459 0 372 0
8 0 346 0
428 0 402 0
223 0 120 0
279 0 258 0
84 0 27 0
339 0 390 0
303 0 195 0
108 0 190 0
82 0 138 0
471 0 20 0
445 0 358 0
15 0 424 0
250 0 414 0
219 0 388 0
193 0 275 0
505 0 500 0
157 0 382 0
356 0 525 0
386 0 125 0
186 0 99 0
160 0 493 0
11 0 318 0
231 0 123 0
292 0 205 0
184 0 266 0
153 0 66 0
143 0 40 0
35 0 516 0
342 0 167 0
64 0 59 0
361 1
54 0
56
33 0 23 0
335 0 309 0
196 0 109 0
88 0 170 0
83 0 165 0
78 0 52 0
26 0 21 0
359 0 0 0
338 0 312 0
225 0 220 0
276 0 163 0
158 0 137 0
50 0 45 0
336 0 249 0
300 0 213 0
295 0 274 0
269 0 95 0
161 0 156 0
38 0 242 0
98 0 262 0
175 0 72 0
149 0 36 0
31 0 353 0
10 0 240 0
235 0 204 0
178 0 86 0
147 0 29 0
3 0 115 0
110 0 279 0
176 0 89 0
79 0 58 0
140 0 53 0
344 0 334 0
221 0 113 0
195 0 277 0
190 0 103 0
256 0 82 0
159 0 56 0
138 0 46 0
193 0 188 0
101 0 270 0
183 0 80 0
70 0 44 0
18 0 13 0
99 0 181 0
160 0 150 0
63 0 42 0
328 0 323 0
123 0 261 0
174 0 66 0
40 0 30 0
9 0 234 0
229 0 208 0
121 0 290 0
264 0 259 0
64 0 146 0
408 1
33 0
73
345 0 340 0
253 0 401 0
396 0 288 0
114 0 196 0
191 0 257 0
170 0 57 0
52 0 47 0
364 0 21 0
246 0 394 0
389 0 302 0
215 0 112 0
276 0 271 0
168 0 71 0
137 0 132 0
362 0 14 0
336 0 249 0
244 0 239 0
392 0 305 0
218 0 213 0
126 0 192 0
105 0 187 0
182 0 161 0
151 0 130 0
381 0 17 0
12 0 329 0
324 0 406 0
216 0 385 0
298 0 211 0
124 0 185 0
180 0 93 0
262 0 72 0
154 0 128 0
5 0 343 0
399 0 296 0
209 0 291 0
204 0 117 0
286 0 265 0
260 0 86 0
152 0 60 0
142 0 55 0
34 0 367 0
341 0 120 0
284 0 279 0
84 0 58 0
135 0 27 0
22 0 1 0
113 0 256 0
77 0 138 0
133 0 46 0
368 0 363 0
20 0 358 0
337 0 245 0
327 0 224 0
306 0 388 0
101 0 183 0
162 0 49 0
361 0 13 0
330 0 304 0
217 0 299 0
125 0 273 0
263 0 160 0
73 0 129 0
380 0 349 0
6 0 241 0
261 0 153 0
148 0 61 0
143 0 373 0
255 0 234 0
403 0 229 0
398 0 311 0
285 0 111 0
90 0 259 0
172 0 59 0
515 1
141 0
57
427 0 253 0
422 0 335 0
109 0 278 0
21 0 420 0
415 0 220 0
389 0 107 0
189 0 158 0
383 0 19 0
14 0 249 0
418 0 300 0
126 0 100 0
95 0 504 0
499 0 473 0
130 0 355 0
437 0 329 0
406 0 385 0
185 0 180 0
497 0 62 0
487 0 404 0
230 0 204 0
91 0 260 0
464 0 459 0
29 0 8 0
3 0 428 0
254 0 320 0
233 0 228 0
89 0 171 0
488 0 478 0
457 0 370 0
27 0 447 0
247 0 395 0
308 0 195 0
256 0 507 0
164 0 77 0
56 0 51 0
476 0 133 0
471 0 368 0
25 0 445 0
414 0 306 0
214 0 127 0
270 0 505 0
131 0 361 0
18 0 248 0
238 0 212 0
273 0 186 0
155 0 68 0
493 0 37 0
16 0 231 0
384 0 123 0
118 0 92 0
174 0 491 0
378 0 30 0
352 0 255 0
403 0 229 0
398 0 121 0
177 0 90 0
172 0 59 0
980 1
141 0
99
458 0 883 0
453 0 432 0
2 0 253 0
826 0 227 0
903 0 288 0
114 0 283 0
196 0 191 0
703 0 595 0
165 0 57 0
651 0 477 0
134 0 456 0
968 0 533 0
937 0 932 0
927 0 732 0
814 0 302 0
112 0 619 0
788 0 81 0
644 0 557 0
383 0 362 0
531 0 951 0
439 0 418 0
925 0 239 0
904 0 305 0
899 0 126 0
786 0 581 0
69 0 48 0
560 0 473 0
130 0 43 0
468 0 872 0
529 0 355 0
754 0 242 0
324 0 406 0
216 0 897 0
211 0 805 0
272 0 185 0
692 0 154 0
666 0 574 0
36 0 865 0
517 0 942 0
829 0 747 0
404 0 317 0
230 0 808 0
634 0 798 0
91 0 577 0
142 0 971 0
372 0 8 0
346 0 254 0
320 0 740 0
397 0 632 0
714 0 627 0
688 0 683 0
79 0 488 0
570 0 959 0
344 0 856 0
1 0 339 0
252 0 334 0
825 0 712 0
113 0 707 0
620 0 789 0
169 0 594 0
568 0 56 0
133 0 880 0
363 0 532 0
424 0 931 0
844 0 245 0
327 0 839 0
813 0 301 0
726 0 787 0
188 0 162 0
495 0 136 0
49 0 474 0
556 0 894 0
382 0 530 0
356 0 868 0
863 0 755 0
412 0 816 0
386 0 724 0
806 0 207 0
186 0 268 0
775 0 160 0
150 0 662 0
575 0 472 0
641 0 974 0
887 0 518 0
835 0 748 0
231 0 384 0
635 0 123 0
287 0 92 0
66 0 148 0
552 0 40 0
378 0 972 0
542 0 967 0
9 0 941 0
342 0 408 0
633 0 797 0
628 0 710 0
198 0 111 0
602 0 85 0
576 0 571 0
482 1
432 0
70
345 0 2 0
340 0 391 0
283 0 278 0
191 0 165 0
477 0 26 0
446 0 338 0
102 0 271 0
168 0 163 0
158 0 24 0
362 0 357 0
336 0 331 0
413 0 392 0
305 0 387 0
300 0 213 0
192 0 95 0
161 0 74 0
48 0 468 0
381 0 442 0
12 0 437 0
329 0 237 0
211 0 206 0
272 0 185 0
267 0 93 0
466 0 379 0
36 0 5 0
199 0 265 0
178 0 152 0
60 0 142 0
464 0 34 0
372 0 29 0
367 0 8 0
3 0 428 0
341 0 254 0
423 0 320 0
233 0 397 0
115 0 176 0
89 0 171 0
79 0 32 0
27 0 247 0
390 0 303 0
282 0 277 0
103 0 159 0
138 0 450 0
445 0 15 0
424 0 337 0
332 0 327 0
224 0 388 0
301 0 214 0
280 0 101 0
270 0 183 0
70 0 49 0
44 0 469 0
39 0 443 0
13 0 438 0
351 0 248 0
243 0 325 0
386 0 207 0
268 0 37 0
462 0 349 0
431 0 323 0
405 0 318 0
210 0 123 0
287 0 92 0
87 0 143 0
378 0 347 0
255 0 408 0
234 0 403 0
111 0 264 0
90 0 259 0
85 0 59 0
201 1
141 0
100
54 0 33 0
28 0 23 0
2 0 114 0
196 0 109 0
191 0 88 0
170 0 83 0
165 0 78 0
144 0 57 0
139 0 52 0
134 0 47 0
26 0 21 0
0 0 112 0
194 0 107 0
189 0 102 0
168 0 81 0
163 0 76 0
158 0 71 0
137 0 50 0
132 0 45 0
24 0 19 0
14 0 126 0
192 0 105 0
187 0 100 0
182 0 95 0
161 0 74 0
156 0 69 0
151 0 48 0
130 0 43 0
38 0 17 0
12 0 7 0
124 0 119 0
185 0 98 0
180 0 93 0
175 0 72 0
154 0 67 0
149 0 62 0
128 0 41 0
36 0 31 0
10 0 5 0
122 0 117 0
199 0 96 0
178 0 91 0
173 0 86 0
152 0 65 0
147 0 60 0
142 0 55 0
34 0 29 0
8 0 3 0
120 0 115 0
197 0 110 0
176 0 89 0
171 0 84 0
166 0 79 0
145 0 58 0
140 0 53 0
135 0 32 0
27 0 22 0
1 0 200 0
113 0 195 0
108 0 190 0
103 0 169 0
82 0 164 0
77 0 159 0
56 0 138 0
51 0 133 0
46 0 25 0
20 0 15 0
127 0 193 0
106 0 188 0
101 0 183 0
80 0 162 0
75 0 157 0
70 0 136 0
49 0 131 0
44 0 39 0
18 0 13 0
125 0 104 0
186 0 99 0
181 0 94 0
160 0 73 0
155 0 68 0
150 0 63 0
129 0 42 0
37 0 16 0
11 0 6 0
123 0 118 0
184 0 97 0
179 0 92 0
174 0 87 0
153 0 66 0
148 0 61 0
143 0 40 0
35 0 30 0
9 0 4 0
121 0 116 0
198 0 111 0
177 0 90 0
172 0 85 0
167 0 64 0
146 0 59 0
